; FBX 6.1.0 project file
; Created by Blender FBX Exporter
; for support mail: ideasman42@gmail.com
; ----------------------------------------------------

FBXHeaderExtension:  {
	FBXHeaderVersion: 1003
	FBXVersion: 6100
	CreationTimeStamp:  {
		Version: 1000
		Year: 2014
		Month: 06
		Day: 14
		Hour: 18
		Minute: 56
		Second: 35
		Millisecond: 0
	}
	Creator: "FBX SDK/FBX Plugins build 20070228"
	OtherFlags:  {
		FlagPLE: 0
	}
}
CreationTime: "2014-06-14 18:56:35:000"
Creator: "Blender version 2.70 (sub 0)"

; Object definitions
;------------------------------------------------------------------

Definitions:  {
	Version: 100
	Count: 10
	ObjectType: "Model" {
		Count: 3
	}
	ObjectType: "Geometry" {
		Count: 3
	}
	ObjectType: "Material" {
		Count: 2
	}
	ObjectType: "Texture" {
		Count: 2
	}
	ObjectType: "Video" {
		Count: 2
	}
	ObjectType: "Pose" {
		Count: 1
	}
	ObjectType: "GlobalSettings" {
		Count: 1
	}
}

; Object properties
;------------------------------------------------------------------

Objects:  {
	Model: "Model::Chair_arm_r", "Mesh" {
		Version: 232
		Properties60:  {
			Property: "QuaternionInterpolate", "bool", "",0
			Property: "Visibility", "Visibility", "A+",1
			Property: "Lcl Translation", "Lcl Translation", "A+",0.008733987808228,0.000000000000000,0.000000000000000
			Property: "Lcl Rotation", "Lcl Rotation", "A+",-90.000009334538021,0.000000000000000,0.000000000000000
			Property: "Lcl Scaling", "Lcl Scaling", "A+",1.000000000000000,1.000000000000000,1.000000000000000
			Property: "RotationOffset", "Vector3D", "",0,0,0
			Property: "RotationPivot", "Vector3D", "",0,0,0
			Property: "ScalingOffset", "Vector3D", "",0,0,0
			Property: "ScalingPivot", "Vector3D", "",0,0,0
			Property: "TranslationActive", "bool", "",0
			Property: "TranslationMin", "Vector3D", "",0,0,0
			Property: "TranslationMax", "Vector3D", "",0,0,0
			Property: "TranslationMinX", "bool", "",0
			Property: "TranslationMinY", "bool", "",0
			Property: "TranslationMinZ", "bool", "",0
			Property: "TranslationMaxX", "bool", "",0
			Property: "TranslationMaxY", "bool", "",0
			Property: "TranslationMaxZ", "bool", "",0
			Property: "RotationOrder", "enum", "",0
			Property: "RotationSpaceForLimitOnly", "bool", "",0
			Property: "AxisLen", "double", "",10
			Property: "PreRotation", "Vector3D", "",0,0,0
			Property: "PostRotation", "Vector3D", "",0,0,0
			Property: "RotationActive", "bool", "",0
			Property: "RotationMin", "Vector3D", "",0,0,0
			Property: "RotationMax", "Vector3D", "",0,0,0
			Property: "RotationMinX", "bool", "",0
			Property: "RotationMinY", "bool", "",0
			Property: "RotationMinZ", "bool", "",0
			Property: "RotationMaxX", "bool", "",0
			Property: "RotationMaxY", "bool", "",0
			Property: "RotationMaxZ", "bool", "",0
			Property: "RotationStiffnessX", "double", "",0
			Property: "RotationStiffnessY", "double", "",0
			Property: "RotationStiffnessZ", "double", "",0
			Property: "MinDampRangeX", "double", "",0
			Property: "MinDampRangeY", "double", "",0
			Property: "MinDampRangeZ", "double", "",0
			Property: "MaxDampRangeX", "double", "",0
			Property: "MaxDampRangeY", "double", "",0
			Property: "MaxDampRangeZ", "double", "",0
			Property: "MinDampStrengthX", "double", "",0
			Property: "MinDampStrengthY", "double", "",0
			Property: "MinDampStrengthZ", "double", "",0
			Property: "MaxDampStrengthX", "double", "",0
			Property: "MaxDampStrengthY", "double", "",0
			Property: "MaxDampStrengthZ", "double", "",0
			Property: "PreferedAngleX", "double", "",0
			Property: "PreferedAngleY", "double", "",0
			Property: "PreferedAngleZ", "double", "",0
			Property: "InheritType", "enum", "",0
			Property: "ScalingActive", "bool", "",0
			Property: "ScalingMin", "Vector3D", "",1,1,1
			Property: "ScalingMax", "Vector3D", "",1,1,1
			Property: "ScalingMinX", "bool", "",0
			Property: "ScalingMinY", "bool", "",0
			Property: "ScalingMinZ", "bool", "",0
			Property: "ScalingMaxX", "bool", "",0
			Property: "ScalingMaxY", "bool", "",0
			Property: "ScalingMaxZ", "bool", "",0
			Property: "GeometricTranslation", "Vector3D", "",0,0,0
			Property: "GeometricRotation", "Vector3D", "",0,0,0
			Property: "GeometricScaling", "Vector3D", "",1,1,1
			Property: "LookAtProperty", "object", ""
			Property: "UpVectorProperty", "object", ""
			Property: "Show", "bool", "",1
			Property: "NegativePercentShapeSupport", "bool", "",1
			Property: "DefaultAttributeIndex", "int", "",0
			Property: "Color", "Color", "A",0.8,0.8,0.8
			Property: "Size", "double", "",100
			Property: "Look", "enum", "",1
		}
		MultiLayer: 0
		MultiTake: 1
		Shading: Y
		Culling: "CullingOff"
		Vertices: -1.250046,-1.243551,-1.430664,-1.389938,-1.243129,-1.430664,-1.398102,-1.243083,-0.986650,-1.269958,-1.242605,-0.986650,
		          -1.476639,0.087997,0.803377,-1.673615,0.068521,0.865774,-1.671570,0.617773,0.862689,-1.480835,0.617352,0.804049,
		          -1.269958,0.585701,-0.986650,-1.398102,0.585701,-0.986650,-1.389938,0.583055,-1.430664,-1.250046,0.583055,-1.430664,
		          -1.318329,-1.243610,-1.692699,-1.417938,-1.243132,-1.692699,-1.380859,-1.243357,-0.254110,-1.414276,-1.243120,-0.294669,
		          -1.510025,-1.243120,0.237239,-1.356567,-1.243357,0.293527,-1.873840,0.099938,-0.296419,-1.873840,0.617728,-0.296419,
		          -1.964188,0.617728,0.202811,-1.964188,0.099938,0.202811,-1.414276,0.583596,-0.294669,-1.380859,0.583596,-0.254110,
		          -1.356567,0.583598,0.293527,-1.510025,0.583598,0.237239,-1.189133,0.617728,-0.305516,-1.189133,0.099938,-0.305516,
		          -1.191666,0.099938,0.330416,-1.191666,0.617728,0.330416,-1.169113,0.617728,-0.986454,-1.169113,0.099938,-0.986454,
		          -1.784683,0.099938,-0.986454,-1.784683,0.617728,-0.986454,-1.721252,0.053497,-0.986640,-1.721252,0.617764,-0.986640,
		          -1.253113,0.617764,-0.986640,-1.253113,0.053497,-0.986640,-1.873840,-1.293069,-0.296419,-1.964188,-1.293069,0.202811,
		          -1.796494,-1.293069,0.195179,-1.756241,-1.293069,-0.247013,-1.671570,-1.293121,0.862689,-1.480835,-1.292441,0.804049,
		          -1.527740,-1.293069,0.669399,-1.653305,-1.293069,0.721856,-1.191666,-1.293069,0.330416,-1.189133,-1.293069,-0.305516,
		          -1.380859,-1.293069,-0.255411,-1.356522,-1.293069,0.292919,-1.356522,0.617728,0.292919,-1.380859,0.617728,-0.255411,
		          -1.653305,0.617728,0.721856,-1.527740,0.617728,0.669399,-1.756241,0.617728,-0.247013,-1.796494,0.617728,0.195179,
		          -1.784683,-1.293038,-0.986454,-1.721252,-1.293041,-0.986640,-1.169113,-1.293038,-0.986454,-1.253113,-1.293041,-0.986640,
		          -1.704407,0.039937,-0.986650,-1.704407,0.585701,-0.986650,-1.269958,0.039937,-0.986650,-1.796524,-1.243357,0.195786,
		          -1.756241,-1.243357,-0.245712,-1.653305,-1.243356,0.721856,-1.527740,-1.243356,0.669399,-1.653305,0.583600,0.721856,
		          -1.527740,0.583600,0.669399,-1.756241,0.583596,-0.245712,-1.796524,0.583598,0.195786,-1.704407,-1.242605,-0.986650,
		          -1.781784,-1.293069,0.722630,-1.828232,-1.293191,0.837198,-1.834366,0.055397,0.844223,-1.828232,0.617820,0.837198,
		          -1.781784,0.617728,0.722630,-1.781784,0.583600,0.722630,-1.568527,0.583596,-0.294669,-1.662354,0.583598,0.216605,
		          -1.560349,0.585701,-0.986650,-1.567047,0.583055,-1.430664,-1.567047,-1.243129,-1.430664,-1.544052,-1.243132,-1.692699,
		          -1.560349,-1.243083,-0.986650,-1.568527,-1.243120,-0.294669,-1.662354,-1.243120,0.216605,-1.781784,-1.243356,0.722630,
		          -1.259430,-1.293069,0.560918,-1.395493,-1.293069,0.491262,-1.259430,0.617728,0.560918,-1.259430,0.099938,0.560918,
		          -1.395493,0.617728,0.491262,-1.395538,0.583600,0.491610,-1.545731,0.583600,0.435626,-1.697357,0.583600,0.407296,
		          -1.857239,0.617728,0.598873,-1.811493,0.617728,0.360104,-1.811554,0.583600,0.360452,-1.857239,0.583600,0.598873,
		          -1.978195,0.618036,0.629449,-1.997894,0.617728,0.389010,-1.997894,0.099938,0.389010,-1.987991,0.067617,0.627349,
		          -1.811493,-1.293069,0.360104,-1.997894,-1.293069,0.389010,-1.978195,-1.293552,0.629449,-1.857239,-1.293069,0.598873,
		          -1.811554,-1.243356,0.360452,-1.857239,-1.243356,0.598873,-1.545731,-1.243120,0.435626,-1.697357,-1.243120,0.407296,
		          -1.395538,-1.243356,0.491610,-1.917786,0.044480,0.744669,-1.905014,0.618332,0.737114,-1.819778,0.617728,0.660325,
		          -1.819778,0.583600,0.660325,-1.754852,0.583600,0.383713,-1.663025,0.583596,-0.270021,-1.729904,0.583598,0.206124,
		          -1.632874,0.585701,-0.986650,-1.646225,0.583055,-1.430664,-1.646225,-1.243341,-1.430664,-1.600433,-1.243373,-1.692699,
		          -1.632874,-1.242842,-0.986650,-1.663025,-1.243239,-0.270021,-1.729904,-1.243239,0.206124,-1.754852,-1.243239,0.383713,
		          -1.819778,-1.243356,0.660325,-1.819778,-1.293069,0.660325,-1.905014,-1.294024,0.737114,-1.253113,-0.735860,-0.986640,
		          -1.269958,-0.722300,-0.986650,-1.169113,-0.782301,-0.986454,-1.189133,-0.782301,-0.305516,-1.191666,-0.782301,0.330416,
		          -1.259430,-0.782301,0.560918,-1.476639,-0.769783,0.803377,-1.673615,-0.749877,0.865774,-1.834366,-0.736303,0.844223,
		          -1.917786,-0.725263,0.744669,-1.997894,-0.782301,0.389010,-1.987991,-0.749015,0.627349,-1.964188,-0.782301,0.202811,
		          -1.873840,-0.782301,-0.296419,-1.784683,-0.782301,-0.986454,-1.721252,-0.735860,-0.986640,-1.704407,-0.722300,-0.986650,
		          -1.724319,0.081219,-1.430663,-1.724319,0.583055,-1.430663,-1.318329,0.582889,-1.692699,-1.417938,0.582889,-1.692699,
		          -1.656036,0.083814,-1.692699,-1.656036,0.582889,-1.692699,-1.544052,0.582889,-1.692699,-1.600433,0.582889,-1.692699,
		          -1.656036,-0.766176,-1.692699,-1.724319,-0.763582,-1.430663,-1.724319,-1.243551,-1.430663,-1.656036,-1.243610,-1.692699,
		          -1.417938,0.083814,-1.692699,-1.318329,0.083814,-1.692699,-1.250046,0.081219,-1.430664,-1.544052,0.083814,-1.692699,
		          -1.600433,0.083814,-1.692699,-1.600433,-0.766176,-1.692699,-1.544052,-0.766176,-1.692699,-1.417938,-0.766176,-1.692699,
		          -1.318329,-0.766176,-1.692699,-1.250046,-0.763582,-1.430664,-1.606567,-0.763582,-1.430663,-1.487183,-0.763582,-1.430663,
		          -1.487183,0.081219,-1.430664,-1.606567,0.081219,-1.430664,-1.368622,-0.763582,-1.430664,-1.368622,0.081219,-1.430664
		PolygonVertexIndex: 0,3,2,-2,4,7,6,-6,8,11,10,-10,1,13,12,-1,14,17,16,-16,18,21,20,-20,22,25,24,-24,26,29,28,-28,
		                    30,26,27,-32,23,8,9,-23,32,18,19,-34,3,14,15,-3,33,35,34,-33,31,37,36,-31,38,41,40,-40,42,45,44,-44,
		                    46,49,48,-48,26,51,50,-30,7,53,52,-7,20,55,54,-20,57,41,38,-57,51,26,30,-37,59,58,47,-49,19,54,35,-34,
		                    35,61,60,-35,37,62,8,-37,41,64,63,-41,65,66,44,-46,17,14,48,-50,51,23,24,-51,53,68,67,-53,55,70,69,-55,
		                    54,69,61,-36,36,8,23,-52,57,71,64,-42,48,14,3,-60,72,45,42,-74,6,75,74,-6,52,76,75,-7,67,77,76,-53,
		                    78,79,25,-23,9,80,78,-23,10,81,80,-10,82,83,13,-2,2,84,82,-2,15,85,84,-3,16,86,85,-16,72,87,65,-46,
		                    43,44,89,-89,90,7,4,-92,92,53,7,-91,93,68,53,-93,94,67,68,-94,95,77,67,-95,96,99,98,-98,100,96,97,-102,
		                    102,103,100,-102,104,107,106,-106,108,109,107,-105,65,87,111,-111,112,66,65,-111,44,66,112,-90,75,114,113,-75,76,115,114,-76,
		                    77,116,115,-77,117,116,77,-96,118,119,79,-79,80,120,118,-79,81,121,120,-81,122,123,83,-83,84,124,122,-83,85,125,124,-85,
		                    86,126,125,-86,87,128,127,-112,129,128,87,-73,129,72,73,-131,88,89,49,-47,29,90,91,-29,50,92,90,-30,24,93,92,-51,
		                    25,94,93,-25,79,95,94,-26,119,117,95,-80,97,98,70,-56,101,97,55,-21,21,102,101,-21,40,104,105,-40,63,108,104,-41,
		                    111,127,126,-87,110,111,86,-17,17,112,110,-17,112,17,49,-90,59,3,132,-132,58,59,131,-134,134,47,58,-134,135,46,47,-135,
		                    136,88,46,-136,137,43,88,-137,43,137,138,-43,139,73,42,-139,140,130,73,-140,105,106,142,-142,39,105,141,-144,38,39,143,-145,
		                    56,38,144,-146,146,57,56,-146,147,71,57,-147,131,132,62,-38,133,131,37,-32,27,134,133,-32,28,135,134,-28,91,136,135,-29,
		                    4,137,136,-92,137,4,5,-139,74,139,138,-6,113,140,139,-75,141,142,103,-103,143,141,102,-22,144,143,21,-19,145,144,18,-33,
		                    34,146,145,-33,60,147,146,-35,61,149,148,-61,150,151,10,-12,149,153,152,-149,151,154,81,-11,155,121,81,-155,156,159,158,-158,
		                    71,147,157,-159,60,148,157,-148,160,151,150,-162,8,62,162,-12,161,150,11,-163,154,151,160,-164,155,154,163,-165,165,166,83,-124,
		                    166,167,13,-84,13,167,168,-13,0,12,168,-170,169,132,3,-1,169,162,62,-133,170,173,172,-172,165,170,171,-167,172,173,164,-164,
		                    167,166,171,-175,174,171,172,-176,175,172,163,-161,174,169,168,-168,175,162,169,-175,160,161,162,-176,142,106,130,-141,103,142,140,-114,
		                    114,100,103,-114,115,96,100,-115,116,99,96,-116,98,99,116,-118,70,98,117,-120,69,70,119,-119,120,61,69,-119,121,149,61,-121,
		                    153,149,121,-156,153,155,164,-153,173,148,152,-165,157,148,173,-171,156,157,170,-166,156,165,123,-160,158,159,123,-123,124,71,158,-123,
		                    125,64,71,-125,126,63,64,-126,127,108,63,-127,128,109,108,-128,107,109,128,-130,106,107,129,-131
		GeometryVersion: 124
		LayerElementNormal: 0 {
			Version: 101
			Name: ""
			MappingInformationType: "ByPolygonVertex"
			ReferenceInformationType: "Direct"
			Normals: -0.001627,-0.999998,0.000978,0.000859,-1.000000,0.000405,0.000427,-0.999969,0.000183,-0.000946,-0.999969,0.000519,
			         0.541276,0.001373,0.840815,0.537930,0.002734,0.842985,0.077793,0.006562,0.996948,0.081576,0.003357,0.996643,
			         -0.000340,0.999998,-0.001819,0.000000,0.999994,-0.003493,0.000000,0.999969,-0.003296,-0.000183,0.999969,-0.001495,
			         -0.000946,-0.999969,0.000519,-0.001751,-0.999998,0.000384,-0.003757,-0.999993,0.000810,-0.001627,-0.999998,0.000978,
			         -0.001433,-0.999999,-0.000225,-0.001860,-0.999998,-0.000228,-0.000977,-0.999969,-0.000092,0.000275,-0.999969,-0.000183,
			         -0.988189,0.000000,-0.153142,-0.984008,0.000000,-0.178076,-0.984011,0.000000,-0.178105,-0.988201,-0.000000,-0.153160,
			         -0.000275,0.999969,0.001862,0.000000,1.000000,0.000000,0.000003,1.000000,-0.000007,-0.000181,1.000000,0.000725,
			         0.999861,0.000000,0.016686,0.989512,0.000000,0.144449,0.989502,0.000000,0.144444,0.999847,0.000000,0.016663,
			         0.999568,0.000000,0.029387,0.999861,0.000000,0.016686,0.999847,0.000000,0.016663,0.999568,0.000000,0.029387,
			         -0.000181,1.000000,0.000725,-0.000340,0.999998,-0.001819,-0.000183,0.999969,-0.001495,-0.000275,0.999969,0.001862,
			         -0.991756,-0.000000,-0.128141,-0.988189,0.000000,-0.153142,-0.988201,-0.000000,-0.153160,-0.991756,-0.000000,-0.128141,
			         0.000859,-1.000000,0.000405,-0.001433,-0.999999,-0.000225,0.000275,-0.999969,-0.000183,0.000427,-0.999969,0.000183,
			         -0.002933,0.000000,-0.999996,-0.002382,0.000000,-0.999997,-0.001740,0.000000,-0.999969,-0.002932,0.000000,-0.999996,
			         0.002215,0.000000,-0.999998,0.001373,0.000000,-0.999969,0.001833,0.000000,-0.999998,0.002215,0.000000,-0.999997,
			         0.000000,-1.000000,-0.000000,0.000000,-1.000000,-0.000000,0.000000,-1.000000,-0.000000,0.000000,-1.000000,-0.000000,
			         0.001358,-0.999999,0.000420,0.001773,-0.999998,0.000823,0.001680,-0.999996,0.002070,0.002012,-0.999996,0.001989,
			         0.000000,-1.000000,0.000000,0.000000,-1.000000,0.000000,0.000000,-1.000000,0.000000,0.000000,-1.000000,0.000000,
			         0.000000,1.000000,0.000000,0.000000,1.000000,0.000000,0.000000,1.000000,0.000000,0.000000,1.000000,0.000000,
			         0.001220,0.999999,0.001161,0.001017,0.999999,0.001218,0.001088,0.999999,0.000413,0.000840,1.000000,0.000161,
			         -0.000000,1.000000,-0.000000,-0.000000,1.000000,0.000000,-0.000000,1.000000,0.000000,-0.000000,1.000000,0.000000,
			         -0.000004,-1.000000,-0.000042,-0.000004,-1.000000,-0.000042,-0.000004,-1.000000,-0.000042,-0.000004,-1.000000,-0.000042,
			         0.000137,1.000000,0.000040,0.000137,1.000000,0.000040,0.000137,1.000000,0.000040,0.000137,1.000000,0.000040,
			         0.000003,-1.000000,-0.000042,0.000003,-1.000000,-0.000042,0.000003,-1.000000,-0.000042,0.000003,-1.000000,-0.000042,
			         -0.000200,1.000000,0.000008,-0.000200,1.000000,0.000008,-0.000200,1.000000,0.000008,-0.000200,1.000000,0.000008,
			         -0.002382,0.000000,-0.999997,-0.000595,0.000000,-1.000000,-0.000593,0.000000,-1.000000,-0.001740,0.000000,-0.999969,
			         0.001373,0.000000,-0.999969,0.000592,0.000000,-1.000000,0.000592,0.000000,-1.000000,0.001833,0.000000,-0.999998,
			         0.993568,-0.085553,0.074188,0.993757,-0.082833,0.074734,0.995874,-0.000690,0.090747,0.995874,-0.000701,0.090747,
			         -0.199529,0.000001,-0.979892,-0.385482,0.000001,-0.922715,-0.385482,0.000001,-0.922715,-0.199529,0.000001,-0.979892,
			         -0.997127,-0.000173,-0.075753,-0.995140,-0.080931,-0.056102,-0.994726,-0.083580,-0.059457,-0.997266,-0.000191,-0.073900,
			         -0.990310,0.125772,-0.058895,-0.991329,0.119833,-0.053918,-0.997094,0.000246,-0.076175,-0.997297,0.000283,-0.073477,
			         -0.385482,0.000000,-0.922715,-0.385482,0.000000,-0.922715,-0.199529,0.000000,-0.979892,-0.199529,0.000000,-0.979892,
			         0.995873,0.001024,0.090748,0.995873,0.001000,0.090747,0.989629,0.122557,0.074925,0.988919,0.128648,0.074089,
			         0.988919,0.128648,0.074089,0.989629,0.122557,0.074925,0.967264,0.247271,0.057079,0.967264,0.247271,0.057079,
			         -0.957993,0.240758,-0.155835,-0.957993,0.240758,-0.155835,-0.991329,0.119833,-0.053918,-0.990310,0.125772,-0.058895,
			         0.984385,-0.166325,0.057638,0.984385,-0.166325,0.057638,0.993757,-0.082833,0.074734,0.993568,-0.085553,0.074188,
			         -0.994726,-0.083580,-0.059457,-0.995140,-0.080931,-0.056102,-0.973954,-0.161780,-0.158876,-0.973954,-0.161780,-0.158876,
			         0.004225,-0.999991,-0.000456,0.001773,-0.999998,0.000823,0.001358,-0.999999,0.000420,0.003528,-0.999994,-0.000482,
			         0.077793,0.006562,0.996948,-0.497940,0.016691,0.867051,-0.490646,0.008484,0.871303,0.081576,0.003357,0.996643,
			         0.001088,0.999999,0.000413,0.002674,0.999996,-0.000380,0.002236,0.999997,-0.000398,0.000840,1.000000,0.000161,
			         -0.199529,0.000000,-0.979892,0.486941,0.000000,-0.873435,0.486941,0.000000,-0.873435,-0.199529,0.000000,-0.979892,
			         0.000122,0.999969,0.001617,0.000000,1.000000,0.000000,0.000000,1.000000,0.000000,-0.000275,0.999969,0.001862,
			         -0.000183,0.999969,-0.001495,0.000092,0.999969,-0.001465,0.000122,0.999969,0.001617,-0.000275,0.999969,0.001862,
			         0.000000,0.999969,-0.003296,0.000000,0.999969,-0.003296,0.000092,0.999969,-0.001465,-0.000183,0.999969,-0.001495,
			         0.000824,-0.999969,0.000305,0.001578,-0.999999,0.000246,-0.001751,-0.999998,0.000384,-0.000946,-0.999969,0.000519,
			         0.000427,-0.999969,0.000183,-0.000214,-1.000000,0.000061,0.000824,-0.999969,0.000305,-0.000946,-0.999969,0.000519,
			         0.000275,-0.999969,-0.000183,0.000031,-1.000000,-0.000061,-0.000214,-1.000000,0.000061,0.000427,-0.999969,0.000183,
			         -0.000977,-0.999969,-0.000092,0.000824,-0.999969,0.000122,0.000031,-1.000000,-0.000061,0.000275,-0.999969,-0.000183,
			         0.486941,0.000002,-0.873435,0.486941,0.000002,-0.873435,-0.199529,0.000001,-0.979892,-0.199529,0.000001,-0.979892,
			         0.002012,-0.999996,0.001989,0.001680,-0.999996,0.002070,0.000442,-0.999999,0.001092,0.000443,-0.999999,0.001095,
			         0.872640,0.001304,0.488362,0.537930,0.002734,0.842985,0.541276,0.001373,0.840815,0.873074,0.000641,0.487533,
			         0.000265,1.000000,0.000655,0.001017,0.999999,0.001218,0.001220,0.999999,0.001161,0.000265,1.000000,0.000656,
			         -0.913920,-0.001995,-0.405890,-0.802689,-0.002501,-0.596392,-0.802689,-0.002501,-0.596392,-0.915041,-0.001988,-0.403356,
			         0.000000,1.000000,0.000000,-0.000000,1.000000,0.000000,-0.000000,1.000000,0.000000,0.000002,1.000000,-0.000005,
			         0.000000,1.000000,0.000000,-0.000000,1.000000,0.000000,-0.000000,1.000000,0.000000,0.000000,1.000000,0.000000,
			         0.982135,0.000081,0.188179,0.982135,0.000081,0.188179,0.990159,0.000009,0.139947,0.990250,0.000008,0.139305,
			         0.001693,0.999997,-0.001928,0.001723,0.999997,-0.001977,0.000358,1.000000,-0.000240,0.000506,1.000000,-0.000339,
			         -0.997986,0.002441,-0.063082,-0.954497,0.007660,0.298044,-0.949915,0.014784,0.312159,-0.998290,0.004550,-0.058286,
			         0.000562,-1.000000,-0.000376,0.002707,-0.999991,-0.003129,0.002660,-0.999992,-0.003050,0.000794,-1.000000,-0.000532,
			         0.990173,-0.000007,0.139847,0.982135,-0.000057,0.188179,0.982135,-0.000057,0.188179,0.990235,-0.000006,0.139406,
			         -0.000197,-1.000000,-0.000815,0.000603,-1.000000,-0.000557,0.000793,-0.999969,-0.000183,-0.000580,-0.999969,-0.000458,
			         -0.001164,-0.999999,-0.000594,-0.000844,-0.999999,-0.000944,-0.000197,-1.000000,-0.000815,-0.000580,-0.999969,-0.000458,
			         -0.802691,0.001720,-0.596393,-0.802691,0.001720,-0.596393,-0.914097,0.001370,-0.405494,-0.914867,0.001367,-0.403754,
			         -0.497940,0.016691,0.867051,-0.812383,0.020291,0.582771,-0.813959,0.009339,0.580798,-0.490646,0.008484,0.871303,
			         0.002674,0.999996,-0.000380,0.003609,0.999991,-0.002062,0.003820,0.999991,-0.001764,0.002236,0.999997,-0.000398,
			         0.486941,0.000000,-0.873435,0.853817,0.000000,-0.520572,0.853817,0.000000,-0.520572,0.486941,0.000000,-0.873435,
			         0.000000,1.000000,0.000000,-0.000000,1.000000,0.000000,-0.000000,1.000000,0.000000,0.000000,1.000000,0.000000,
			         0.000214,0.999969,0.001465,0.000000,1.000000,0.000000,0.000000,1.000000,0.000000,0.000122,0.999969,0.001617,
			         0.000092,0.999969,-0.001465,0.000214,0.999969,-0.001495,0.000214,0.999969,0.001465,0.000122,0.999969,0.001617,
			         0.000000,0.999969,-0.003296,0.000000,0.999969,-0.003296,0.000214,0.999969,-0.001495,0.000092,0.999969,-0.001465,
			         0.001556,-0.999969,0.000916,0.003342,-0.999994,0.000682,0.001578,-0.999999,0.000246,0.000824,-0.999969,0.000305,
			         -0.000214,-1.000000,0.000061,-0.000488,-0.999969,0.000244,0.001556,-0.999969,0.000916,0.000824,-0.999969,0.000305,
			         0.000031,-1.000000,-0.000061,0.000336,-0.999969,-0.000183,-0.000488,-0.999969,0.000244,-0.000214,-1.000000,0.000061,
			         0.000824,-0.999969,0.000122,0.001648,-0.999969,0.000214,0.000336,-0.999969,-0.000183,0.000031,-1.000000,-0.000061,
			         0.000603,-1.000000,-0.000557,0.001394,-0.999999,-0.000164,0.001556,-0.999969,0.000061,0.000793,-0.999969,-0.000183,
			         0.853817,0.000001,-0.520573,0.853817,0.000001,-0.520573,0.486941,0.000002,-0.873435,0.486941,0.000002,-0.873435,
			         0.005703,-0.999978,-0.003209,0.004225,-0.999991,-0.000456,0.003528,-0.999994,-0.000482,0.006041,-0.999978,-0.002724,
			         0.000443,-0.999999,0.001095,0.000442,-0.999999,0.001092,0.000000,-1.000000,0.000000,0.000000,-1.000000,0.000000,
			         0.989512,0.000000,0.144449,0.872640,0.001304,0.488362,0.873074,0.000641,0.487533,0.989502,0.000000,0.144444,
			         0.000000,1.000000,0.000000,0.000265,1.000000,0.000655,0.000265,1.000000,0.000656,0.000000,1.000000,0.000000,
			         -0.997094,0.000246,-0.076175,-0.913920,-0.001995,-0.405890,-0.915041,-0.001988,-0.403356,-0.997297,0.000283,-0.073477,
			         0.000000,1.000000,0.000000,0.000000,1.000000,0.000000,0.000002,1.000000,-0.000005,0.000003,1.000000,-0.000007,
			         0.000000,1.000000,0.000000,0.000000,1.000000,0.000000,0.000000,1.000000,0.000000,0.000000,1.000000,0.000000,
			         0.000000,1.000000,0.000000,0.000000,1.000000,0.000000,0.000000,1.000000,0.000000,0.000000,1.000000,0.000000,
			         0.990250,0.000008,0.139305,0.990159,0.000009,0.139947,0.995873,0.001000,0.090747,0.995873,0.001024,0.090748,
			         0.000506,1.000000,-0.000339,0.000358,1.000000,-0.000240,-0.000000,1.000000,0.000000,-0.000000,1.000000,-0.000000,
			         -0.984008,0.000000,-0.178076,-0.997986,0.002441,-0.063082,-0.998290,0.004550,-0.058286,-0.984011,0.000000,-0.178105,
			         0.000000,-1.000000,-0.000000,0.000562,-1.000000,-0.000376,0.000794,-1.000000,-0.000532,0.000000,-1.000000,-0.000000,
			         0.995874,-0.000690,0.090747,0.990173,-0.000007,0.139847,0.990235,-0.000006,0.139406,0.995874,-0.000701,0.090747,
			         0.000793,-0.999969,-0.000183,0.001556,-0.999969,0.000061,0.001648,-0.999969,0.000214,0.000824,-0.999969,0.000122,
			         -0.000580,-0.999969,-0.000458,0.000793,-0.999969,-0.000183,0.000824,-0.999969,0.000122,-0.000977,-0.999969,-0.000092,
			         -0.001860,-0.999998,-0.000228,-0.001164,-0.999999,-0.000594,-0.000580,-0.999969,-0.000458,-0.000977,-0.999969,-0.000092,
			         -0.914097,0.001370,-0.405494,-0.997127,-0.000173,-0.075753,-0.997266,-0.000191,-0.073900,-0.914867,0.001367,-0.403754,
			         0.001938,0.000000,-0.999998,0.000582,0.000000,-1.000000,0.000589,0.000000,-1.000000,0.001373,0.000000,-0.999969,
			         0.002216,0.000000,-0.999998,0.001938,0.000000,-0.999998,0.001373,0.000000,-0.999969,0.002215,0.000000,-0.999997,
			         0.999847,0.000000,0.016663,0.999861,0.000000,0.016686,0.999568,0.000000,0.029387,0.999568,-0.000000,0.029387,
			         0.989502,0.000000,0.144444,0.989512,0.000000,0.144449,0.999861,0.000000,0.016686,0.999847,0.000000,0.016663,
			         0.873074,-0.000671,0.487533,0.872666,-0.001321,0.488315,0.989512,0.000000,0.144449,0.989502,0.000000,0.144444,
			         0.541307,-0.001404,0.840815,0.537876,-0.002768,0.843019,0.872666,-0.001321,0.488315,0.873074,-0.000671,0.487533,
			         0.537876,-0.002768,0.843019,0.541307,-0.001404,0.840815,0.081576,-0.003388,0.996643,0.077685,-0.006635,0.996956,
			         -0.490646,-0.008576,0.871303,-0.498227,-0.016860,0.866883,0.077685,-0.006635,0.996956,0.081576,-0.003388,0.996643,
			         -0.813959,-0.009400,0.580798,-0.812374,-0.020486,0.582776,-0.498227,-0.016860,0.866883,-0.490646,-0.008576,0.871303,
			         -0.998292,-0.004607,-0.058247,-0.949843,-0.014944,0.312370,-0.954497,-0.007752,0.298044,-0.997986,-0.002503,-0.063051,
			         -0.984011,-0.000000,-0.178105,-0.998292,-0.004607,-0.058247,-0.997986,-0.002503,-0.063051,-0.984008,0.000000,-0.178076,
			         -0.988201,-0.000000,-0.153160,-0.984011,-0.000000,-0.178105,-0.984008,0.000000,-0.178076,-0.988189,0.000000,-0.153142,
			         -0.991756,-0.000000,-0.128141,-0.988201,-0.000000,-0.153160,-0.988189,0.000000,-0.153142,-0.991756,-0.000000,-0.128141,
			         -0.001740,0.000000,-0.999969,-0.002535,0.000000,-0.999997,-0.002935,0.000000,-0.999996,-0.002934,0.000000,-0.999996,
			         -0.000591,0.000000,-1.000000,-0.000585,0.000000,-1.000000,-0.002535,0.000000,-0.999997,-0.001740,0.000000,-0.999969,
			         0.001373,0.000000,-0.999969,0.000589,0.000000,-1.000000,0.000592,0.000000,-1.000000,0.001373,0.000000,-0.999969,
			         0.002215,0.000000,-0.999997,0.001373,0.000000,-0.999969,0.001373,0.000000,-0.999969,0.002215,0.000000,-0.999998,
			         0.999847,0.000000,0.016663,0.999847,0.000000,0.016663,0.999568,-0.000000,0.029387,0.999568,0.000000,0.029387,
			         0.989502,0.000000,0.144444,0.989502,0.000000,0.144444,0.999847,0.000000,0.016663,0.999847,0.000000,0.016663,
			         0.873074,0.000641,0.487533,0.873074,-0.000671,0.487533,0.989502,0.000000,0.144444,0.989502,0.000000,0.144444,
			         0.541276,0.001373,0.840815,0.541307,-0.001404,0.840815,0.873074,-0.000671,0.487533,0.873074,0.000641,0.487533,
			         0.541307,-0.001404,0.840815,0.541276,0.001373,0.840815,0.081576,0.003357,0.996643,0.081576,-0.003388,0.996643,
			         -0.490646,0.008484,0.871303,-0.490646,-0.008576,0.871303,0.081576,-0.003388,0.996643,0.081576,0.003357,0.996643,
			         -0.813959,0.009339,0.580798,-0.813959,-0.009400,0.580798,-0.490646,-0.008576,0.871303,-0.490646,0.008484,0.871303,
			         -0.997986,-0.002503,-0.063051,-0.954497,-0.007752,0.298044,-0.954497,0.007660,0.298044,-0.997986,0.002441,-0.063082,
			         -0.984008,0.000000,-0.178076,-0.997986,-0.002503,-0.063051,-0.997986,0.002441,-0.063082,-0.984008,0.000000,-0.178076,
			         -0.988189,0.000000,-0.153142,-0.984008,0.000000,-0.178076,-0.984008,0.000000,-0.178076,-0.988189,0.000000,-0.153142,
			         -0.991756,-0.000000,-0.128141,-0.988189,0.000000,-0.153142,-0.988189,0.000000,-0.153142,-0.991756,-0.000000,-0.128141,
			         -0.001740,0.000000,-0.999969,-0.001740,0.000000,-0.999969,-0.002934,0.000000,-0.999996,-0.002932,0.000000,-0.999996,
			         -0.000593,0.000000,-1.000000,-0.000591,0.000000,-1.000000,-0.001740,0.000000,-0.999969,-0.001740,0.000000,-0.999969,
			         -0.998996,0.000000,0.044802,-0.994520,0.000000,-0.104544,-0.998523,0.000000,-0.054323,-0.998996,0.000000,0.044802,
			         0.000000,1.000000,-0.000633,0.000000,1.000000,-0.000633,0.000000,0.999969,-0.003296,0.000000,0.999994,-0.003493,
			         -0.994520,0.000000,-0.104544,-0.967684,0.000000,-0.252165,-0.967684,0.000000,-0.252165,-0.998523,0.000000,-0.054323,
			         0.000000,1.000000,-0.000633,0.000000,1.000000,-0.000633,0.000000,0.999969,-0.003296,0.000000,0.999969,-0.003296,
			         -0.000000,1.000000,-0.000633,0.000000,0.999969,-0.003296,0.000000,0.999969,-0.003296,0.000000,1.000000,-0.000633,
			         -0.967684,-0.000000,-0.252165,-0.967684,-0.000000,-0.252165,-0.994475,0.000000,-0.104969,-0.998523,0.000000,-0.054323,
			         -0.998996,0.000000,0.044802,-0.998996,0.000000,0.044802,-0.998523,0.000000,-0.054323,-0.994475,0.000000,-0.104969,
			         -0.998996,0.000000,0.044802,-0.998523,0.000000,-0.054323,-0.998523,0.000000,-0.054323,-0.998996,0.000000,0.044802,
			         0.000000,0.000000,-1.000000,0.000000,0.000000,-1.000000,0.000000,0.000000,-1.000000,0.000000,0.000000,-1.000000,
			         0.998996,-0.000000,0.044802,0.998996,-0.000000,0.044802,0.998523,-0.000000,-0.054324,0.994520,-0.000000,-0.104544,
			         0.967684,-0.000000,-0.252166,0.967684,-0.000000,-0.252166,0.994520,-0.000000,-0.104544,0.998523,-0.000000,-0.054324,
			         0.000000,0.000000,-1.000000,0.000000,0.000000,-1.000000,0.000000,0.000000,-1.000000,0.000000,0.000000,-1.000000,
			         0.000000,0.000000,-1.000000,0.000000,0.000000,-1.000000,0.000000,0.000000,-1.000000,0.000000,0.000000,-1.000000,
			         0.000000,0.000000,-1.000000,0.000001,0.000000,-1.000000,0.000001,0.000000,-1.000000,0.000000,0.000000,-1.000000,
			         0.000001,0.000000,-1.000000,0.000000,0.000000,-1.000000,0.000000,0.000000,-1.000000,0.000001,0.000000,-1.000000,
			         0.000000,0.000000,-1.000000,0.000000,0.000000,-1.000000,0.000000,0.000000,-1.000000,0.000000,0.000000,-1.000000,
			         0.994475,0.000000,-0.104970,0.967684,0.000000,-0.252166,0.967684,0.000000,-0.252166,0.998523,0.000000,-0.054324,
			         0.998523,0.000000,-0.054324,0.998996,0.000000,0.044802,0.998996,0.000000,0.044802,0.994475,0.000000,-0.104970,
			         0.998523,0.000000,-0.054324,0.998523,-0.000000,-0.054324,0.998996,-0.000000,0.044802,0.998996,0.000000,0.044802,
			         -0.000002,-0.000001,-1.000000,-0.000002,-0.000001,-1.000000,0.000000,-0.000001,-1.000000,0.000000,-0.000001,-1.000000,
			         0.000000,0.999951,-0.009902,0.000000,0.999951,-0.009902,0.000000,0.999951,-0.009902,0.000000,0.999951,-0.009902,
			         0.000000,-0.999951,-0.009903,-0.000000,-0.999951,-0.009903,-0.000000,-0.999951,-0.009903,0.000000,-0.999951,-0.009903,
			         -0.000000,0.999951,-0.009902,-0.000000,0.999951,-0.009902,-0.000000,0.999951,-0.009902,-0.000000,0.999951,-0.009902,
			         -0.000005,-0.000000,-1.000000,-0.000005,-0.000000,-1.000000,-0.000005,-0.000000,-1.000000,-0.000005,-0.000000,-1.000000,
			         0.000000,-0.999951,-0.009903,0.000000,-0.999951,-0.009903,0.000000,-0.999951,-0.009903,0.000000,-0.999951,-0.009903,
			         0.000000,0.999951,-0.009902,0.000000,0.999951,-0.009902,0.000000,0.999951,-0.009902,0.000000,0.999951,-0.009902,
			         0.000000,0.000000,-1.000000,0.000000,0.000000,-1.000000,0.000000,0.000000,-1.000000,0.000000,0.000000,-1.000000,
			         0.000000,-0.999951,-0.009903,0.000000,-0.999951,-0.009903,0.000000,-0.999951,-0.009903,0.000000,-0.999951,-0.009903,
			         -0.954497,-0.007752,0.298044,-0.949843,-0.014944,0.312370,-0.812374,-0.020486,0.582776,-0.813959,-0.009400,0.580798,
			         -0.954497,0.007660,0.298044,-0.954497,-0.007752,0.298044,-0.813959,-0.009400,0.580798,-0.813959,0.009339,0.580798,
			         -0.812383,0.020291,0.582771,-0.949915,0.014784,0.312159,-0.954497,0.007660,0.298044,-0.813959,0.009339,0.580798,
			         0.003609,0.999991,-0.002062,0.001723,0.999997,-0.001977,0.001693,0.999997,-0.001928,0.003820,0.999991,-0.001764,
			         0.853817,0.000000,-0.520572,0.853860,0.000000,-0.520502,0.853860,0.000000,-0.520502,0.853817,0.000000,-0.520572,
			         0.000002,1.000000,-0.000006,-0.000000,1.000000,0.000000,-0.000000,1.000000,0.000000,0.000000,1.000000,0.000000,
			         0.000001,1.000000,-0.000007,0.000002,1.000000,-0.000006,0.000000,1.000000,0.000000,0.000000,1.000000,0.000000,
			         0.000169,0.999999,0.001145,0.000001,1.000000,-0.000007,0.000000,1.000000,0.000000,0.000214,0.999969,0.001465,
			         0.000214,0.999969,-0.001495,0.000216,0.999999,-0.001489,0.000169,0.999999,0.001145,0.000214,0.999969,0.001465,
			         0.000000,0.999969,-0.003296,-0.000000,0.999994,-0.003493,0.000216,0.999999,-0.001489,0.000214,0.999969,-0.001495,
			         -0.000000,1.000000,-0.000633,-0.000000,0.999994,-0.003493,0.000000,0.999969,-0.003296,-0.000000,1.000000,-0.000633,
			         0.000000,0.000000,-1.000000,0.000000,0.000000,-1.000000,0.000000,0.000000,-1.000000,0.000000,0.000000,-1.000000,
			         -0.000000,-0.999951,-0.009903,-0.000000,-0.999951,-0.009903,-0.000000,-0.999951,-0.009903,-0.000000,-0.999951,-0.009903,
			         -0.000005,-0.000000,-1.000000,-0.000005,-0.000000,-1.000000,-0.000002,-0.000001,-1.000000,-0.000002,-0.000001,-1.000000,
			         0.000000,0.999951,-0.009902,0.000000,0.999951,-0.009902,0.000000,0.999951,-0.009902,0.000000,0.999951,-0.009902,
			         -0.000000,0.000000,-1.000000,0.000000,0.000000,-1.000000,0.000000,0.000000,-1.000000,-0.000000,0.000000,-1.000000,
			         0.001450,-0.999998,0.001295,0.003342,-0.999994,0.000901,0.003342,-0.999994,0.000682,0.001556,-0.999969,0.000916,
			         -0.000488,-0.999969,0.000244,-0.000517,-1.000000,0.000389,0.001450,-0.999998,0.001295,0.001556,-0.999969,0.000916,
			         0.000336,-0.999969,-0.000183,0.000569,-1.000000,-0.000224,-0.000517,-1.000000,0.000389,-0.000488,-0.999969,0.000244,
			         0.001648,-0.999969,0.000214,0.001658,-0.999999,0.000195,0.000569,-1.000000,-0.000224,0.000336,-0.999969,-0.000183,
			         0.001556,-0.999969,0.000061,0.001575,-0.999999,0.000140,0.001658,-0.999999,0.000195,0.001648,-0.999969,0.000214,
			         0.001394,-0.999999,-0.000164,0.001210,-0.999999,0.000033,0.001575,-0.999999,0.000140,0.001556,-0.999969,0.000061,
			         0.853860,0.000001,-0.520502,0.853860,0.000001,-0.520502,0.853817,0.000001,-0.520573,0.853817,0.000001,-0.520573,
			         0.002660,-0.999992,-0.003050,0.002707,-0.999991,-0.003129,0.005703,-0.999978,-0.003209,0.006041,-0.999978,-0.002724
		}
		LayerElementSmoothing: 0 {
			Version: 102
			Name: ""
			MappingInformationType: "ByPolygon"
			ReferenceInformationType: "Direct"
			Smoothing: 1,1,1,1,1,1,1,1,1,1,1,1,1,1,1,1,1,1,1,1,1,1,1,1,1,1,1,1,1,1,1,1,1,1,1,1,1,1,1,1,1,1,1,1,1,1,1,1,1,1,1,1,1,1,1,1,1,1,1,1,1,1,1,1,
			           1,1,1,1,1,1,1,1,1,1,1,1,1,1,1,1,1,1,1,1,1,1,1,1,1,1,1,1,1,1,1,1,1,1,1,1,1,1,1,1,1,1,1,1,1,1,1,1,1,1,1,1,1,1,1,1,1,1,1,1,1,1,1,1,
			           1,1,1,1,1,1,1,1,1,1,1,1,1,1,1,1,0,0,0,0,0,0,1,1,1,1,1,1,1,1,1,1,1,1,1,1,1,1,1,1,1,1,1,1,1,1
		}
		LayerElementUV: 0 {
			Version: 101
			Name: "UVMap"
			MappingInformationType: "ByPolygonVertex"
			ReferenceInformationType: "IndexToDirect"
			UV: 0.777363,0.543201,0.521940,0.312344,0.176663,0.907381,0.777363,0.846880,0.265404,0.024130,0.308866,0.835308,
			    0.308866,0.759400,0.399909,0.370544,0.941548,0.237550,0.223385,0.759400,0.628632,0.543201,0.223385,0.907381,
			    0.830153,0.543201,0.223385,0.497928,0.265404,0.303167,0.829794,0.153738,0.356499,0.562951,0.011407,0.370425,
			    0.777363,0.742633,0.572995,0.644319,0.265404,0.455152,0.176663,0.644140,0.176657,0.307830,0.730577,0.742633,
			    0.730577,0.644319,0.724465,0.093237,0.476628,0.419114,0.223385,0.644140,0.265404,0.907381,0.308866,0.199664,
			    0.223385,0.024130,0.941549,0.695176,0.823179,0.093239,0.730577,0.787453,0.572995,0.430301,0.830254,0.644319,
			    0.628631,0.305706,0.265404,0.418434,0.356510,0.418822,0.777363,0.787453,0.673720,0.430301,0.399720,0.419186,
			    0.176663,0.497928,0.176663,0.605727,0.308866,0.455152,0.223385,0.375650,0.011223,0.312340,0.832543,0.849088,
			    0.679990,0.125061,0.265404,0.644140,0.830251,0.594119,0.572995,0.742633,0.941614,0.153738,0.730577,0.898594,
			    0.223385,0.605727,0.831808,0.787453,0.676848,0.153737,0.129572,0.312451,0.176663,0.759400,0.176663,0.083254,
			    0.133253,0.370539,0.941549,0.305706,0.176663,0.835308,0.830516,0.695176,0.884092,0.368272,0.673720,0.305706,
			    0.572995,0.305706,0.784175,0.125063,0.831174,0.742633,0.572995,0.543201,0.176663,0.993386,0.628631,0.695176,
			    0.223385,0.835308,0.265404,0.686916,0.673720,0.491055,0.884741,0.742633,0.628631,0.742633,0.356499,0.455152,
			    0.176663,0.955673,0.723420,0.125062,0.308866,0.562951,0.883975,0.594119,0.673720,0.695176,0.176652,0.418819,
			    0.572995,0.695176,0.056534,0.419110,0.356499,0.686916,0.941549,0.594119,0.265404,0.497928,0.730577,0.594119,
			    0.176663,0.562951,0.356499,0.024130,0.673720,0.543201,0.176663,0.686916,0.628631,0.849088,0.832544,0.901336,
			    0.223385,0.562951,0.883806,0.430301,0.265404,0.083254,0.730577,0.695176,0.308866,0.024130,0.673720,0.849088,
			    0.940617,0.430301,0.223385,0.199664,0.827060,0.125064,0.223385,0.455152,0.265404,0.605727,0.356499,0.148226,
			    0.783132,0.093238,0.356499,0.759400,0.777363,0.898566,0.265404,0.562951,0.223385,0.993386,0.730577,0.430301,
			    0.884926,0.305706,0.572995,0.849088,0.628631,0.787453,0.941547,0.644319,0.730577,0.305706,0.308866,0.083254,
			    0.308866,0.993386,0.403590,0.312455,0.011377,0.419068,0.673720,0.787453,0.777363,0.305706,0.777363,0.491055,
			    0.356506,0.307834,0.830163,0.430301,0.886016,0.787453,0.673720,0.368272,0.941548,0.787453,0.265404,0.148226,
			    0.830656,0.368272,0.308866,0.497928,0.673720,0.944598,0.628630,0.644319,0.628631,0.368272,0.682458,0.093236,
			    0.730577,0.491055,0.883815,0.543201,0.572995,0.787453,0.572995,0.153738,0.628631,0.430301,0.356499,0.644140,
			    0.223385,0.686916,0.673720,0.742633,0.673720,0.594119,0.060604,0.312386,0.265404,0.375651,0.223385,0.303166,
			    0.356499,0.907381,0.308866,0.907381,0.223385,0.148226,0.730577,0.846807,0.308866,0.303169,0.777363,0.430301,
			    0.831489,0.237550,0.730577,0.944420,0.572995,0.491055,0.628632,0.153738,0.308866,0.686916,0.777363,0.644319,
			    0.777363,0.944171,0.308866,0.955673,0.356499,0.497928,0.887942,0.153738,0.356499,0.605727,0.176663,0.455152,
			    0.356490,0.373119,0.265404,0.199664,0.223385,0.418425,0.673720,0.901959,0.673720,0.237550,0.521785,0.419072,
			    0.832544,0.944002,0.777363,0.237550,0.884188,0.695176,0.223385,0.083254,0.521755,0.370429,0.572995,0.594119,
			    0.730577,0.368272,0.941616,0.849088,0.725203,0.153737,0.356499,0.199664,0.628631,0.491055,0.777363,0.594119,
			    0.176663,0.199664,0.308866,0.605727,0.940686,0.543201,0.308866,0.148226,0.886079,0.237550,0.308866,0.418435,
			    0.265404,0.993386,0.884019,0.491055,0.572995,0.237550,0.941548,0.742633,0.356499,0.083254,0.265404,0.835308,
